turnings:	1583						
{	10001	1001	10001	10001001	10011002	20	}
{	10002	1002	10002	10011002	10021003	20	}
{	10003	1003	10003	10021003	10031004	20	}
{	10004	1004	10004	10031004	10041005	20	}
{	10005	1005	10005	10041005	10051006	20	}
{	10006	1006	10006	10051006	10061007	20	}
{	10007	1007	10007	10061007	10071008	20	}
{	10008	1008	10008	10071008	10081009	20	}
{	10009	1009	10009	10081009	10091010	20	}
{	10010	1010	10010	10091010	10101011	20	}
{	10011	1011	10011	10101011	10111012	20	}
{	10012	1012	10012	10111012	10121013	20	}
{	10013	1013	10013	10121013	10131014	20	}
{	10014	1014	10014	10131014	10141015	20	}
{	10015	1015	10015	10141015	10151016	20	}
{	10016	1016	10016	10151016	10161017	20	}
{	10017	1017	10017	10161017	10171018	20	}
{	10018	1018	10018	10171018	10181019	20	}
{	10019	1019	10019	10181019	10191020	20	}
{	10020	1020	10020	10191020	10201021	20	}
{	10021	1021	10021	10201021	10211022	20	}
{	10022	1022	10022	10211022	10221023	20	}
{	10023	1023	10023	10221023	10231024	20	}
{	10024	1024	10024	10231024	10241025	20	}
{	10025	1025	10025	10241025	10251026	20	}
{	10026	1026	10026	10251026	10261027	20	}
{	10027	1027	10027	10261027	10271028	20	}
{	10028	1028	10028	10271028	10281029	20	}
{	10029	1029	10029	10281029	10291030	20	}
{	10030	1030	10030	10291030	10301031	20	}
{	10031	1031	10031	10301031	10311032	20	}
{	10032	1032	10032	10311032	10321033	20	}
{	10033	1033	10033	10321033	10331034	20	}
{	10034	1034	10034	10331034	10341035	20	}
{	10035	1035	10035	10341035	10351036	20	}
{	10036	1036	10036	10351036	10361037	20	}
{	10037	1037	10037	10361037	10371038	20	}
{	10038	1038	10038	10371038	10381039	20	}
{	10039	1039	10039	10381039	10391040	20	}
{	10040	1040	10040	10391040	10401041	20	}
{	10041	1041	10041	10401041	10411042	20	}
{	10042	1042	10042	10411042	10421043	20	}
{	10043	1043	10043	10421043	10431044	20	}
{	10044	1044	10044	10431044	10441045	20	}
{	10045	1045	10045	10441045	10451046	20	}
{	10046	1046	10046	10451046	10461047	20	}
{	10047	1047	10047	10461047	10471048	20	}
{	10048	1048	10048	10471048	10481049	20	}
{	10049	1049	10049	10481049	10491050	20	}
{	10050	1050	10050	10491050	10501051	20	}
{	10051	1051	10051	10501051	10511052	20	}
{	10052	1052	10052	10511052	10521053	20	}
{	10053	1052	10053	10541052	10521051	20	}
{	10054	1051	10054	10521051	10511050	20	}
{	10055	1050	10055	10511050	10501049	20	}
{	10056	1049	10056	10501049	10491048	20	}
{	10057	1048	10057	10491048	10481047	20	}
{	10058	1047	10058	10481047	10471046	20	}
{	10059	1046	10059	10471046	10461045	20	}
{	10060	1045	10060	10461045	10451044	20	}
{	10061	1044	10061	10451044	10441043	20	}
{	10062	1043	10062	10441043	10431042	20	}
{	10063	1042	10063	10431042	10421041	20	}
{	10064	1041	10064	10421041	10411040	20	}
{	10065	1040	10065	10411040	10401039	20	}
{	10066	1039	10066	10401039	10391038	20	}
{	10067	1038	10067	10391038	10381037	20	}
{	10068	1037	10068	10381037	10371036	20	}
{	10069	1036	10069	10371036	10361035	20	}
{	10070	1035	10070	10361035	10351034	20	}
{	10071	1034	10071	10351034	10341033	20	}
{	10072	1033	10072	10341033	10331032	20	}
{	10073	1032	10073	10331032	10321031	20	}
{	10074	1031	10074	10321031	10311030	20	}
{	10075	1030	10075	10311030	10301029	20	}
{	10076	1029	10076	10301029	10291028	20	}
{	10077	1028	10077	10291028	10281027	20	}
{	10078	1027	10078	10281027	10271026	20	}
{	10079	1026	10079	10271026	10261025	20	}
{	10080	1025	10080	10261025	10251023	20	}
{	10081	1023	10081	10251023	10231055	20	}
{	10082	1055	10082	10231055	10551022	20	}
{	10083	1022	10083	10551022	10221020	20	}
{	10084	1020	10084	10221020	10201019	20	}
{	10085	1019	10085	10201019	10191018	20	}
{	10086	1018	10086	10191018	10181017	20	}
{	10087	1017	10087	10181017	10171016	20	}
{	10088	1016	10088	10171016	10161015	20	}
{	10089	1015	10089	10161015	10151014	20	}
{	10090	1014	10090	10151014	10141013	20	}
{	10091	1013	10091	10141013	10131012	20	}
{	10092	1012	10092	10131012	10121011	20	}
{	10093	1011	10093	10121011	10111010	20	}
{	10094	1010	10094	10111010	10101009	20	}
{	10095	1009	10095	10101009	10091008	20	}
{	10096	1008	10096	10091008	10081007	20	}
{	10097	1007	10097	10081007	10071006	20	}
{	10098	1006	10098	10071006	10061005	20	}
{	10099	1005	10099	10061005	10051004	20	}
{	10100	1004	10100	10051004	10041003	20	}
{	10101	1003	10101	10041003	10031002	20	}
{	10102	1002	10102	10031002	10021001	20	}
{	10103	1001	10103	10021001	10011056	20	}
{	10104	1028	10104	10271028	10284100	20	}
{	10105	1028	10105	41011028	10281027	20	}
{	10106	2001	10106	20002001	20012002	20	}
{	10107	2002	10107	20012002	20022003	20	}
{	10108	2003	10108	20022003	20032004	20	}
{	10109	2004	10109	20032004	20042005	20	}
{	10110	2005	10110	20042005	20052006	20	}
{	10111	2006	10111	20052006	20062007	20	}
{	10112	2007	10112	20062007	20072008	20	}
{	10113	2008	10113	20072008	20082009	20	}
{	10114	2009	10114	20082009	20092010	20	}
{	10115	2010	10115	20092010	20102011	20	}
{	10116	2011	10116	20102011	20112012	20	}
{	10117	2012	10117	20112012	20122013	20	}
{	10118	2013	10118	20122013	20132014	20	}
{	10119	2014	10119	20132014	20142015	20	}
{	10120	2015	10120	20142015	20152016	20	}
{	10121	2016	10121	20152016	20162017	20	}
{	10122	2017	10122	20162017	20172018	20	}
{	10123	2018	10123	20172018	20182019	20	}
{	10124	2019	10124	20182019	20192020	20	}
{	10125	2020	10125	20192020	20202021	20	}
{	10126	2021	10126	20202021	20212022	20	}
{	10127	2022	10127	20212022	20222023	20	}
{	10128	2023	10128	20222023	20232024	20	}
{	10129	2024	10129	20232024	20242025	20	}
{	10130	2025	10130	20242025	20252026	20	}
{	10131	2026	10131	20252026	20262027	20	}
{	10132	2027	10132	20262027	20272028	20	}
{	10133	2028	10133	20272028	20282029	20	}
{	10134	2029	10134	20282029	20292030	20	}
{	10135	2030	10135	20292030	20302031	20	}
{	10136	2031	10136	20302031	20312032	20	}
{	10137	2032	10137	20312032	20322033	20	}
{	10138	2033	10138	20322033	20332034	20	}
{	10139	2034	10139	20332034	20342035	20	}
{	10140	2034	10140	20362034	20342033	20	}
{	10141	2033	10141	20342033	20332032	20	}
{	10142	2032	10142	20332032	20322031	20	}
{	10143	2031	10143	20322031	20312030	20	}
{	10144	2030	10144	20312030	20302029	20	}
{	10145	2029	10145	20302029	20292028	20	}
{	10146	2028	10146	20292028	20282027	20	}
{	10147	2027	10147	20282027	20272026	20	}
{	10148	2026	10148	20272026	20262025	20	}
{	10149	2025	10149	20262025	20252024	20	}
{	10150	2024	10150	20252024	20242023	20	}
{	10151	2023	10151	20242023	20232022	20	}
{	10152	2022	10152	20232022	20222037	20	}
{	10153	2037	10153	20222037	20372020	20	}
{	10154	2020	10154	20372020	20202019	20	}
{	10155	2019	10155	20202019	20192018	20	}
{	10156	2018	10156	20192018	20182017	20	}
{	10157	2017	10157	20182017	20172016	20	}
{	10158	2016	10158	20172016	20162015	20	}
{	10159	2015	10159	20162015	20152014	20	}
{	10160	2014	10160	20152014	20142013	20	}
{	10161	2013	10161	20142013	20132012	20	}
{	10162	2012	10162	20132012	20122011	20	}
{	10163	2011	10163	20122011	20112010	20	}
{	10164	2010	10164	20112010	20102009	20	}
{	10165	2009	10165	20102009	20092008	20	}
{	10166	2008	10166	20092008	20082007	20	}
{	10167	2007	10167	20082007	20072006	20	}
{	10168	2006	10168	20072006	20062005	20	}
{	10169	2005	10169	20062005	20052004	20	}
{	10170	2004	10170	20052004	20042003	20	}
{	10171	2003	10171	20042003	20032002	20	}
{	10172	2002	10172	20032002	20022001	20	}
{	10173	2001	10173	20022001	20012038	20	}
{	10174	2025	10174	20242025	20254200	20	}
{	10175	4200	10175	20254200	42004201	20	}
{	10176	4200	10176	42024200	42002025	20	}
{	10177	2025	10177	42002025	20252024	20	}
{	10178	3001	10178	30003001	30013002	20	}
{	10179	3002	10179	30013002	30023003	20	}
{	10180	3003	10180	30023003	30033004	20	}
{	10181	3004	10181	30033004	30043005	20	}
{	10182	3005	10182	30043005	30053006	20	}
{	10183	3006	10183	30053006	30063007	20	}
{	10184	3007	10184	30063007	30073008	20	}
{	10185	3008	10185	30073008	30083009	20	}
{	10186	3009	10186	30083009	30093010	20	}
{	10187	3010	10187	30093010	30103011	20	}
{	10188	3011	10188	30103011	30113012	20	}
{	10189	3012	10189	30113012	30123013	20	}
{	10190	3013	10190	30123013	30133014	20	}
{	10191	3014	10191	30133014	30143015	20	}
{	10192	3015	10192	30143015	30153016	20	}
{	10193	3016	10193	30153016	30162015	20	}
{	10194	2015	10194	30162015	20152016	20	}
{	10195	2020	10195	20192020	20203017	20	}
{	10196	3017	10196	20203017	30172022	20	}
{	10197	2022	10197	30172022	20222023	20	}
{	10198	2023	10198	20222023	20233018	20	}
{	10199	3018	10199	20233018	30183019	20	}
{	10200	3019	10200	30183019	30193020	20	}
{	10201	3020	10201	30193020	30203021	20	}
{	10202	3021	10202	30203021	30213022	20	}
{	10203	3022	10203	30213022	30223023	20	}
{	10204	3023	10204	30223023	30233024	20	}
{	10205	3024	10205	30233024	30243025	20	}
{	10206	3025	10206	30243025	30253026	20	}
{	10207	3026	10207	30253026	30263027	20	}
{	10208	3027	10208	30263027	30273028	20	}
{	10209	3028	10209	30273028	30283029	20	}
{	10210	3029	10210	30283029	30293030	20	}
{	10211	3030	10211	30293030	30303031	20	}
{	10212	3031	10212	30303031	30313032	20	}
{	10213	3032	10213	30313032	30323033	20	}
{	10214	3033	10214	30323033	30333034	20	}
{	10215	3034	10215	30333034	30343035	20	}
{	10216	3035	10216	30343035	30353036	20	}
{	10217	3036	10217	30353036	30363037	20	}
{	10218	3037	10218	30363037	30373038	20	}
{	10219	3037	10219	30393037	30373036	20	}
{	10220	3036	10220	30373036	30363035	20	}
{	10221	3035	10221	30363035	30353034	20	}
{	10222	3034	10222	30353034	30343033	20	}
{	10223	3033	10223	30343033	30333032	20	}
{	10224	3032	10224	30333032	30323031	20	}
{	10225	3031	10225	30323031	30313030	20	}
{	10226	3030	10226	30313030	30303029	20	}
{	10227	3029	10227	30303029	30293028	20	}
{	10228	3028	10228	30293028	30283027	20	}
{	10229	3027	10229	30283027	30273026	20	}
{	10230	3026	10230	30273026	30263025	20	}
{	10231	3025	10231	30263025	30253024	20	}
{	10232	3024	10232	30253024	30243023	20	}
{	10233	3023	10233	30243023	30233022	20	}
{	10234	3022	10234	30233022	30223021	20	}
{	10235	3021	10235	30223021	30213020	20	}
{	10236	3020	10236	30213020	30203019	20	}
{	10237	3019	10237	30203019	30193018	20	}
{	10238	3018	10238	30193018	30182023	20	}
{	10239	2023	10239	30182023	20232022	20	}
{	10240	2022	10240	20232022	20223040	20	}
{	10241	3040	10241	20223040	30402020	20	}
{	10242	2020	10242	30402020	20202019	20	}
{	10243	2015	10243	20162015	20153016	20	}
{	10244	3016	10244	20153016	30163015	20	}
{	10245	3015	10245	30163015	30153014	20	}
{	10246	3014	10246	30153014	30143013	20	}
{	10247	3013	10247	30143013	30133012	20	}
{	10248	3012	10248	30133012	30123011	20	}
{	10249	3011	10249	30123011	30113010	20	}
{	10250	3010	10250	30113010	30103009	20	}
{	10251	3009	10251	30103009	30093008	20	}
{	10252	3008	10252	30093008	30083007	20	}
{	10253	3007	10253	30083007	30073006	20	}
{	10254	3006	10254	30073006	30063005	20	}
{	10255	3005	10255	30063005	30053004	20	}
{	10256	3004	10256	30053004	30043003	20	}
{	10257	3003	10257	30043003	30033002	20	}
{	10258	3002	10258	30033002	30023001	20	}
{	10259	3001	10259	30023001	30013041	20	}
{	10260	3007	10260	43003007	30073008	20	}
{	10261	2021	10261	20202021	20214301	20	}
{	10262	2037	10262	43022037	20372020	20	}
{	10263	3007	10263	30083007	30074303	20	}
{	10264	4001	10264	40004001	40014002	20	}
{	10265	4002	10265	40014002	40024003	20	}
{	10266	4003	10266	40024003	40034004	20	}
{	10267	4004	10267	40034004	40044005	20	}
{	10268	4005	10268	40044005	40054006	20	}
{	10269	4006	10269	40054006	40064007	20	}
{	10270	4007	10270	40064007	40074008	20	}
{	10271	4008	10271	40074008	40084009	20	}
{	10272	4009	10272	40084009	40094010	20	}
{	10273	4010	10273	40094010	40102013	20	}
{	10274	2013	10274	40102013	20132014	20	}
{	10275	3028	10275	30273028	30284011	20	}
{	10276	4011	10276	30284011	40114012	20	}
{	10277	4012	10277	40114012	40124013	20	}
{	10278	4013	10278	40124013	40134014	20	}
{	10279	4013	10279	40154013	40134012	20	}
{	10280	4012	10280	40134012	40124011	20	}
{	10281	4011	10281	40124011	40113028	20	}
{	10282	3028	10282	40113028	30283027	20	}
{	10283	2013	10283	20142013	20134010	20	}
{	10284	4010	10284	20134010	40104009	20	}
{	10285	4009	10285	40104009	40094008	20	}
{	10286	4008	10286	40094008	40084007	20	}
{	10287	4007	10287	40084007	40074006	20	}
{	10288	4006	10288	40074006	40064005	20	}
{	10289	4005	10289	40064005	40054004	20	}
{	10290	4004	10290	40054004	40044003	20	}
{	10291	4003	10291	40044003	40034002	20	}
{	10292	4002	10292	40034002	40024001	20	}
{	10293	4001	10293	40024001	40014016	20	}
{	10294	2014	10294	44002014	20142015	20	}
{	10295	2014	10295	20152014	20144401	20	}
{	10296	4007	10296	60004007	40074008	20	}
{	10297	4010	10297	40094010	40106001	20	}
{	10298	6001	10298	40106001	60016002	20	}
{	10299	6002	10299	60016002	60026003	20	}
{	10300	6003	10300	60026003	60036004	20	}
{	10301	6004	10301	60036004	60046005	20	}
{	10302	6005	10302	60046005	60056006	20	}
{	10303	6006	10303	60056006	60062017	20	}
{	10304	2017	10304	60062017	20172018	20	}
{	10305	2024	10305	20232024	20246007	20	}
{	10306	6007	10306	20246007	60076008	20	}
{	10307	6008	10307	60076008	60086009	20	}
{	10308	6009	10308	60086009	60096010	20	}
{	10309	6010	10309	60096010	60106011	20	}
{	10310	6011	10310	60106011	60116012	20	}
{	10311	6012	10311	60116012	60126013	20	}
{	10312	6013	10312	60126013	60136014	20	}
{	10313	6014	10313	60136014	60142032	20	}
{	10314	2032	10314	60142032	20322033	20	}
{	10315	2033	10315	20322033	20336015	20	}
{	10316	6015	10316	20336015	60156016	20	}
{	10317	6016	10317	60156016	60166017	20	}
{	10318	6017	10318	60166017	60176018	20	}
{	10319	6017	10319	60196017	60176016	20	}
{	10320	6016	10320	60176016	60166015	20	}
{	10321	6015	10321	60166015	60152033	20	}
{	10322	2033	10322	60152033	20332032	20	}
{	10323	2032	10323	20332032	20326014	20	}
{	10324	6014	10324	20326014	60146013	20	}
{	10325	6013	10325	60146013	60136012	20	}
{	10326	6012	10326	60136012	60126011	20	}
{	10327	6011	10327	60126011	60116010	20	}
{	10328	6010	10328	60116010	60106009	20	}
{	10329	6009	10329	60106009	60096008	20	}
{	10330	6008	10330	60096008	60086007	20	}
{	10331	6007	10331	60086007	60072024	20	}
{	10332	2024	10332	60072024	20242023	20	}
{	10333	2017	10333	20182017	20176006	20	}
{	10334	6006	10334	20176006	60066005	20	}
{	10335	6005	10335	60066005	60056004	20	}
{	10336	6004	10336	60056004	60046003	20	}
{	10337	6003	10337	60046003	60036002	20	}
{	10338	6002	10338	60036002	60026001	20	}
{	10339	6001	10339	60026001	60014010	20	}
{	10340	4010	10340	60014010	40104009	20	}
{	10341	4007	10341	40084007	40076020	20	}
{	10342	6012	10342	60116012	60124600	20	}
{	10343	4600	10343	60124600	46004601	20	}
{	10344	4600	10344	46024600	46006012	20	}
{	10345	6012	10345	46006012	60126011	20	}
{	10346	1003	10346	10021003	10039000	20	}
{	10347	9000	10347	10039000	90009001	20	}
{	10348	9001	10348	90009001	90019002	20	}
{	10349	9002	10349	90019002	90029003	20	}
{	10350	9003	10350	90029003	90039004	20	}
{	10351	9004	10351	90039004	90049005	20	}
{	10352	9005	10352	90049005	90059006	20	}
{	10353	9006	10353	90059006	90069007	20	}
{	10354	9007	10354	90069007	90079008	20	}
{	10355	9008	10355	90079008	90089009	20	}
{	10356	9009	10356	90089009	90099010	20	}
{	10357	9010	10357	90099010	90109011	20	}
{	10358	9011	10358	90109011	90119012	20	}
{	10359	9012	10359	90119012	90129013	20	}
{	10360	9013	10360	90129013	90139014	20	}
{	10361	9014	10361	90139014	90141018	20	}
{	10362	1018	10362	90141018	10181019	20	}
{	10363	1023	10363	10221023	10239015	20	}
{	10364	9015	10364	10239015	90151025	20	}
{	10365	1025	10365	90151025	10251026	20	}
{	10366	1026	10366	10251026	10269016	20	}
{	10367	9016	10367	10269016	90169017	20	}
{	10368	9017	10368	90169017	90179018	20	}
{	10369	9018	10369	90179018	90189019	20	}
{	10370	9019	10370	90189019	90199020	20	}
{	10371	9020	10371	90199020	90209021	20	}
{	10372	9021	10372	90209021	90219022	20	}
{	10373	9022	10373	90219022	90229023	20	}
{	10374	9023	10374	90229023	90239024	20	}
{	10375	9024	10375	90239024	90249025	20	}
{	10376	9025	10376	90249025	90259026	20	}
{	10377	9026	10377	90259026	90269027	20	}
{	10378	9027	10378	90269027	90279028	20	}
{	10379	9028	10379	90279028	90289029	20	}
{	10380	9028	10380	90309028	90289027	20	}
{	10381	9027	10381	90289027	90279026	20	}
{	10382	9026	10382	90279026	90269025	20	}
{	10383	9025	10383	90269025	90259024	20	}
{	10384	9024	10384	90259024	90249023	20	}
{	10385	9023	10385	90249023	90239022	20	}
{	10386	9022	10386	90239022	90229021	20	}
{	10387	9021	10387	90229021	90219020	20	}
{	10388	9020	10388	90219020	90209019	20	}
{	10389	9019	10389	90209019	90199018	20	}
{	10390	9018	10390	90199018	90189017	20	}
{	10391	9017	10391	90189017	90179016	20	}
{	10392	9016	10392	90179016	90161025	20	}
{	10393	1025	10393	90161025	10251023	20	}
{	10394	1023	10394	10251023	10239031	20	}
{	10395	9031	10395	10239031	90311022	20	}
{	10396	1022	10396	90311022	10221020	20	}
{	10397	1018	10397	10191018	10189014	20	}
{	10398	9014	10398	10189014	90149013	20	}
{	10399	9013	10399	90149013	90139012	20	}
{	10400	9012	10400	90139012	90129011	20	}
{	10401	9011	10401	90129011	90119032	20	}
{	10402	9032	10402	90119032	90329009	20	}
{	10403	9009	10403	90329009	90099008	20	}
{	10404	9008	10404	90099008	90089007	20	}
{	10405	9007	10405	90089007	90079006	20	}
{	10406	9006	10406	90079006	90069005	20	}
{	10407	9005	10407	90069005	90059004	20	}
{	10408	9004	10408	90059004	90049003	20	}
{	10409	9003	10409	90049003	90039002	20	}
{	10410	9002	10410	90039002	90029001	20	}
{	10411	9001	10411	90029001	90019000	20	}
{	10412	9000	10412	90019000	90001003	20	}
{	10413	1003	10413	90001003	10031002	20	}
{	10414	9003	10414	49009003	90039004	20	}
{	10415	9003	10415	90049003	90034901	20	}
{	10416	1101	10416	11001101	11011102	20	}
{	10417	1102	10417	11011102	11021103	20	}
{	10418	1103	10418	11021103	11031104	20	}
{	10419	1104	10419	11031104	11041105	20	}
{	10420	1105	10420	11041105	11051106	20	}
{	10421	1106	10421	11051106	11061107	20	}
{	10422	1107	10422	11061107	11071108	20	}
{	10423	1108	10423	11071108	11081109	20	}
{	10424	1109	10424	11081109	11091110	20	}
{	10425	1110	10425	11091110	11101111	20	}
{	10426	1111	10426	11101111	11112014	20	}
{	10427	2014	10427	11112014	20146003	20	}
{	10428	6003	10428	20146003	60036004	20	}
{	10429	6004	10429	60036004	60041112	20	}
{	10430	1112	10430	60041112	11129017	20	}
{	10431	9017	10431	11129017	90179016	20	}
{	10432	1055	10432	10231055	10551113	20	}
{	10433	1113	10433	10551113	11131114	20	}
{	10434	1113	10434	11151113	11131023	20	}
{	10435	1023	10435	11131023	10231024	20	}
{	10436	9017	10436	90169017	90171112	20	}
{	10437	1112	10437	90171112	11126004	20	}
{	10438	6004	10438	11126004	60046003	20	}
{	10439	6003	10439	60046003	60032014	20	}
{	10440	2014	10440	60032014	20141111	20	}
{	10441	1111	10441	20141111	11111110	20	}
{	10442	1110	10442	11111110	11101109	20	}
{	10443	1109	10443	11101109	11091108	20	}
{	10444	1108	10444	11091108	11081107	20	}
{	10445	1107	10445	11081107	11071106	20	}
{	10446	1106	10446	11071106	11061105	20	}
{	10447	1105	10447	11061105	11051104	20	}
{	10448	1104	10448	11051104	11041103	20	}
{	10449	1103	10449	11041103	11031102	20	}
{	10450	1102	10450	11031102	11021101	20	}
{	10451	1101	10451	11021101	11011116	20	}
{	10452	1201	10452	12001201	12011202	20	}
{	10453	1202	10453	12011202	12021203	20	}
{	10454	1203	10454	12021203	12031204	20	}
{	10455	1204	10455	12031204	12041205	20	}
{	10456	1205	10456	12041205	12053011	20	}
{	10457	3011	10457	12053011	30113012	20	}
{	10458	3012	10458	30113012	30121206	20	}
{	10459	1206	10459	30121206	12061207	20	}
{	10460	1207	10460	12061207	12071208	20	}
{	10461	1208	10461	12071208	12082013	20	}
{	10462	2013	10462	12082013	20136002	20	}
{	10463	6002	10463	20136002	60026003	20	}
{	10464	6002	10464	60036002	60022013	20	}
{	10465	2013	10465	60022013	20131208	20	}
{	10466	1208	10466	20131208	12081207	20	}
{	10467	1207	10467	12081207	12071206	20	}
{	10468	1206	10468	12071206	12063012	20	}
{	10469	3012	10469	12063012	30123011	20	}
{	10470	3011	10470	30123011	30111205	20	}
{	10471	1205	10471	30111205	12051204	20	}
{	10472	1204	10472	12051204	12041203	20	}
{	10473	1203	10473	12041203	12031202	20	}
{	10474	1202	10474	12031202	12021201	20	}
{	10475	1201	10475	12021201	12011209	20	}
{	10476	1501	10476	15001501	15019009	20	}
{	10477	9009	10477	15019009	90099008	20	}
{	10478	9008	10478	90099008	90081015	20	}
{	10479	1015	10479	90081015	10151016	20	}
{	10480	1022	10480	10211022	10221502	20	}
{	10481	1502	10481	10221502	15021503	20	}
{	10482	1503	10482	15021503	15031504	20	}
{	10483	1504	10483	15031504	15041505	20	}
{	10484	1505	10484	15041505	15051031	20	}
{	10485	1031	10485	15051031	10311032	20	}
{	10486	1034	10486	10331034	10341506	20	}
{	10487	1506	10487	10341506	15061507	20	}
{	10488	1507	10488	15061507	15071508	20	}
{	10489	1508	10489	15071508	15081509	20	}
{	10490	1509	10490	15081509	15091510	20	}
{	10491	1510	10491	15091510	15101511	20	}
{	10492	1511	10492	15101511	15111512	20	}
{	10493	1512	10493	15111512	15121513	20	}
{	10494	1513	10494	15121513	15131514	20	}
{	10495	1514	10495	15131514	15141515	20	}
{	10496	1514	10496	15161514	15141513	20	}
{	10497	1513	10497	15141513	15131512	20	}
{	10498	1512	10498	15131512	15121511	20	}
{	10499	1511	10499	15121511	15111510	20	}
{	10500	1510	10500	15111510	15101509	20	}
{	10501	1509	10501	15101509	15091508	20	}
{	10502	1508	10502	15091508	15081507	20	}
{	10503	1507	10503	15081507	15071506	20	}
{	10504	1506	10504	15071506	15061034	20	}
{	10505	1034	10505	15061034	10341033	20	}
{	10506	1031	10506	10321031	10311505	20	}
{	10507	1505	10507	10311505	15051504	20	}
{	10508	1504	10508	15051504	15041503	20	}
{	10509	1503	10509	15041503	15031502	20	}
{	10510	1502	10510	15031502	15021022	20	}
{	10511	1022	10511	15021022	10221020	20	}
{	10512	1015	10512	10161015	10159008	20	}
{	10513	9008	10513	10159008	90089009	20	}
{	10514	9009	10514	90089009	90091517	20	}
{	10515	1517	10515	90091517	15171518	20	}
{	10516	1601	10516	16001601	16011602	20	}
{	10517	1602	10517	16011602	16021603	20	}
{	10518	1603	10518	16021603	16031604	20	}
{	10519	1604	10519	16031604	16041605	20	}
{	10520	1605	10520	16041605	16051606	20	}
{	10521	1606	10521	16051606	16061607	20	}
{	10522	1607	10522	16061607	16073015	20	}
{	10523	3015	10523	16073015	30151608	20	}
{	10524	1608	10524	30151608	16081609	20	}
{	10525	1609	10525	16081609	16091610	20	}
{	10526	1610	10526	16091610	16101611	20	}
{	10527	1611	10527	16101611	16111612	20	}
{	10528	1612	10528	16111612	16121613	20	}
{	10529	1613	10529	16121613	16131016	20	}
{	10530	1016	10530	16131016	10161015	20	}
{	10531	1030	10531	10291030	10301614	20	}
{	10532	1614	10532	10301614	16141615	20	}
{	10533	1615	10533	16141615	16151616	20	}
{	10534	1616	10534	16151616	16161617	20	}
{	10535	1617	10535	16161617	16171618	20	}
{	10536	1618	10536	16171618	16181619	20	}
{	10537	1619	10537	16181619	16191620	20	}
{	10538	1620	10538	16191620	16201621	20	}
{	10539	1621	10539	16201621	16211622	20	}
{	10540	1622	10540	16211622	16229021	20	}
{	10541	9021	10541	16229021	90219022	20	}
{	10542	9024	10542	90239024	90241623	20	}
{	10543	1623	10543	90241623	16231624	20	}
{	10544	1624	10544	16231624	16241625	20	}
{	10545	1625	10545	16241625	16251626	20	}
{	10546	1626	10546	16251626	16261627	20	}
{	10547	1627	10547	16261627	16271628	20	}
{	10548	1628	10548	16271628	16281629	20	}
{	10549	1628	10549	16301628	16281627	20	}
{	10550	1627	10550	16281627	16271626	20	}
{	10551	1626	10551	16271626	16261625	20	}
{	10552	1625	10552	16261625	16251624	20	}
{	10553	1624	10553	16251624	16241623	20	}
{	10554	1623	10554	16241623	16239024	20	}
{	10555	9024	10555	16239024	90249023	20	}
{	10556	9021	10556	90229021	90211622	20	}
{	10557	1622	10557	90211622	16221621	20	}
{	10558	1621	10558	16221621	16211620	20	}
{	10559	1620	10559	16211620	16201619	20	}
{	10560	1619	10560	16201619	16191618	20	}
{	10561	1618	10561	16191618	16181617	20	}
{	10562	1617	10562	16181617	16171616	20	}
{	10563	1616	10563	16171616	16161615	20	}
{	10564	1615	10564	16161615	16151614	20	}
{	10565	1614	10565	16151614	16141030	20	}
{	10566	1030	10566	16141030	10301029	20	}
{	10567	1016	10567	10151016	10161631	20	}
{	10568	1631	10568	10161631	16311632	20	}
{	10569	1632	10569	16311632	16321610	20	}
{	10570	1610	10570	16321610	16101609	20	}
{	10571	1609	10571	16101609	16091608	20	}
{	10572	1608	10572	16091608	16083015	20	}
{	10573	3015	10573	16083015	30151607	20	}
{	10574	1607	10574	30151607	16071606	20	}
{	10575	1606	10575	16071606	16061605	20	}
{	10576	1605	10576	16061605	16051604	20	}
{	10577	1604	10577	16051604	16041633	20	}
{	10578	1633	10578	16041633	16331634	20	}
{	10579	1634	10579	16331634	16341601	20	}
{	10580	1601	10580	16341601	16011635	20	}
{	10581	9010	10581	90099010	90105600	20	}
{	10582	1517	10582	15001517	15179011	20	}
{	10583	9011	10583	15179011	90111700	20	}
{	10584	1700	10584	90111700	17001022	20	}
{	10585	1022	10585	17001022	10221023	20	}
{	10586	1614	10586	10301614	16141701	20	}
{	10587	1701	10587	16141701	17011702	20	}
{	10588	1702	10588	17011702	17021703	20	}
{	10589	1703	10589	17021703	17031704	20	}
{	10590	1704	10590	17031704	17041705	20	}
{	10591	1705	10591	17041705	17051706	20	}
{	10592	1706	10592	17051706	17061707	20	}
{	10593	1707	10593	17061707	17071708	20	}
{	10594	1708	10594	17071708	17081709	20	}
{	10595	1709	10595	17081709	17091710	20	}
{	10596	1710	10596	17091710	17101711	20	}
{	10597	1711	10597	17101711	17111712	20	}
{	10598	1712	10598	17111712	17121627	20	}
{	10599	1627	10599	17121627	16271628	20	}
{	10600	1627	10600	16281627	16271712	20	}
{	10601	1712	10601	16271712	17121711	20	}
{	10602	1711	10602	17121711	17111710	20	}
{	10603	1710	10603	17111710	17101709	20	}
{	10604	1709	10604	17101709	17091708	20	}
{	10605	1708	10605	17091708	17081707	20	}
{	10606	1707	10606	17081707	17071706	20	}
{	10607	1706	10607	17071706	17061705	20	}
{	10608	1705	10608	17061705	17051704	20	}
{	10609	1704	10609	17051704	17041703	20	}
{	10610	1703	10610	17041703	17031702	20	}
{	10611	1702	10611	17031702	17021701	20	}
{	10612	1701	10612	17021701	17011614	20	}
{	10613	1614	10613	17011614	16141030	20	}
{	10614	1022	10614	10551022	10221700	20	}
{	11628	1022	11628	90311022	10221700	20	}
{	10615	1700	10615	10221700	17009011	20	}
{	10616	9011	10616	17009011	90111501	20	}
{	10617	1501	10617	90111501	15011518	20	}
{	10618	2033	10618	20342033	20331900	20	}
{	10619	1900	10619	20331900	19001901	20	}
{	10620	1901	10620	19001901	19011902	20	}
{	10621	1902	10621	19011902	19021903	20	}
{	10622	1903	10622	19021903	19031904	20	}
{	10623	1904	10623	19031904	19041905	20	}
{	10624	1905	10624	19041905	19051906	20	}
{	10625	1906	10625	19051906	19061907	20	}
{	10626	1907	10626	19061907	19071513	20	}
{	10627	1513	10627	19071513	15131512	20	}
{	10628	1510	10628	15111510	15101908	20	}
{	10629	1908	10629	15101908	19081909	20	}
{	10630	1909	10630	19081909	19091039	20	}
{	10631	1039	10631	19091039	10391040	20	}
{	10632	1042	10632	10411042	10421910	20	}
{	10633	1910	10633	10421910	19101911	20	}
{	10634	1910	10634	19121910	19101042	20	}
{	10635	1042	10635	19101042	10421041	20	}
{	10636	1039	10636	10401039	10391909	20	}
{	10637	1909	10637	10391909	19091908	20	}
{	10638	1908	10638	19091908	19081510	20	}
{	10639	1510	10639	19081510	15101511	20	}
{	10640	1513	10640	15121513	15131907	20	}
{	10641	1907	10641	15131907	19071906	20	}
{	10642	1906	10642	19071906	19061905	20	}
{	10643	1905	10643	19061905	19051904	20	}
{	10644	1904	10644	19051904	19041903	20	}
{	10645	1903	10645	19041903	19031902	20	}
{	10646	1902	10646	19031902	19021901	20	}
{	10647	1901	10647	19021901	19011900	20	}
{	10648	1900	10648	19011900	19002033	20	}
{	10649	2033	10649	19002033	20332034	20	}
{	10650	1002	10650	10031002	10021003	20	}
{	10651	1003	10651	10041003	10039000	20	}
{	10652	1003	10652	90001003	10031004	20	}
{	10653	1007	10653	10061007	10071103	20	}
{	10654	1103	10654	10071103	11031104	20	}
{	10655	1103	10655	10071103	11031102	20	}
{	10656	1103	10656	11041103	11031007	20	}
{	10657	1103	10657	11021103	11031007	20	}
{	10658	1007	10658	11031007	10071006	20	}
{	10659	1009	10659	10101009	10091300	20	}
{	10660	1300	10660	10091300	13001605	20	}
{	10661	1605	10661	13001605	16051604	20	}
{	10662	1605	10662	16041605	16051300	20	}
{	10663	1300	10663	16051300	13001009	20	}
{	10664	1009	10664	13001009	10091010	20	}
{	10665	1009	10665	13001009	10091008	20	}
{	10666	1013	10666	10121013	10131012	20	}
{	10667	1015	10667	10141015	10159008	20	}
{	10668	1015	10668	90081015	10151014	20	}
{	10669	1016	10669	16131016	10161017	20	}
{	10670	1016	10670	10171016	10161631	20	}
{	10671	1018	10671	10171018	10189014	20	}
{	10672	1018	10672	90141018	10181017	20	}
{	10673	1019	10673	10181019	10199012	20	}
{	10674	1019	10674	10201019	10199012	20	}
{	10675	1019	10675	90121019	10191018	20	}
{	10676	1019	10676	90121019	10191020	20	}
{	10677	1021	10677	10201021	10211113	20	}
{	10678	1113	10678	10211113	11131023	20	}
{	10679	1022	10679	17001022	10221502	20	}
{	10680	1022	10680	15021022	10221700	20	}
{	10681	9016	10681	90179016	90161026	20	}
{	10682	1026	10682	90161026	10261027	20	}
{	10683	1026	10683	10271026	10269016	20	}
{	10684	1028	10684	10271028	10281503	20	}
{	10685	1028	10685	15031028	10281027	20	}
{	10686	1028	10686	10291028	10281503	20	}
{	10687	1028	10687	15031028	10281029	20	}
{	10688	1503	10688	10281503	15031504	20	}
{	10689	1503	10689	10281503	15031502	20	}
{	10690	1503	10690	15021503	15031028	20	}
{	10691	1503	10691	15041503	15031028	20	}
{	10692	1030	10692	10311030	10301614	20	}
{	10693	1030	10693	16141030	10301031	20	}
{	10694	1032	10694	10311032	10321301	20	}
{	10695	1032	10695	13011032	10321031	20	}
{	10696	1301	10696	10321301	13011302	20	}
{	10697	1301	10697	13031301	13011032	20	}
{	10698	1032	10698	10331032	10321301	20	}
{	10699	1032	10699	13011032	10321033	20	}
{	10700	1301	10700	10321301	13011032	20	}
{	10701	1036	10701	10351036	10361035	20	}
{	10702	1036	10702	10371036	10361037	20	}
{	10703	1910	10703	10421910	19101042	20	}
{	10704	1910	10704	10441910	19101044	20	}
{	10705	1910	10705	10421910	19101044	20	}
{	10706	1910	10706	10441910	19101042	20	}
{	10707	1044	10707	19101044	10441045	20	}
{	10708	1044	10708	10451044	10441910	20	}
{	10709	1052	10709	10511052	10521051	20	}
{	10710	1001	10710	10021001	10011002	20	}
{	10711	2001	10711	20002001	20014002	20	}
{	10712	4002	10712	20014002	40024003	20	}
{	10713	4002	10713	20014002	40024001	20	}
{	10714	4002	10714	40014002	40022001	20	}
{	10715	4002	10715	40034002	40022001	20	}
{	10716	2001	10716	40022001	20012038	20	}
{	10717	2007	10717	20062007	20072006	20	}
{	10718	2007	10718	20082007	20072008	20	}
{	10719	2013	10719	20142013	20131208	20	}
{	10720	2013	10720	12082013	20132014	20	}
{	10721	2013	10721	20122013	20132012	20	}
{	10722	2013	10722	40102013	20134010	20	}
{	10723	2013	10723	20122013	20134010	20	}
{	10724	2013	10724	40102013	20132012	20	}
{	10725	2014	10725	20132014	20146003	20	}
{	10726	2014	10726	60032014	20142013	20	}
{	10727	2014	10727	11112014	20141111	20	}
{	10728	2014	10728	20152014	20142015	20	}
{	10729	2014	10729	20152014	20146003	20	}
{	10730	2014	10730	60032014	20142015	20	}
{	10731	2015	10731	20142015	20153016	20	}
{	10732	2015	10732	30162015	20152014	20	}
{	10733	2017	10733	20162017	20172016	20	}
{	10734	2017	10734	20182017	20172018	20	}
{	10735	2017	10735	20162017	20171611	20	}
{	10736	2017	10736	60062017	20171611	20	}
{	10737	1611	10737	20171611	16111612	20	}
{	10738	1611	10738	16101611	16112017	20	}
{	10739	1611	10739	16321611	16112017	20	}
{	10740	2017	10740	16112017	20176006	20	}
{	10741	2017	10741	16112017	20172016	20	}
{	10742	1611	10742	16321611	16111612	20	}
{	10743	1612	10743	16111612	16121632	20	}
{	10744	1632	10744	16121632	16321611	20	}
{	10745	1632	10745	16121632	16321610	20	}
{	10746	1632	10746	16311632	16321611	20	}
{	10747	9013	10747	90149013	90132020	20	}
{	10748	2020	10748	90132020	20202021	20	}
{	10749	2020	10749	90132020	20203017	20	}
{	10750	2020	10750	20372020	20209013	20	}
{	10751	2020	10751	30402020	20209013	20	}
{	10752	9013	10752	20209013	90139014	20	}
{	10753	2020	10753	30402020	20202021	20	}
{	10754	2020	10754	30402020	20203017	20	}
{	10755	2021	10755	20202021	20212037	20	}
{	10756	2037	10756	20212037	20372020	20	}
{	10757	2024	10757	60072024	20242025	20	}
{	10758	2024	10758	20252024	20246007	20	}
{	10759	4200	10759	20254200	42002025	20	}
{	10760	4200	10760	20254200	42002026	20	}
{	10761	2026	10761	42002026	20262027	20	}
{	10762	2030	10762	20292030	20302029	20	}
{	10763	2030	10763	20312030	20302031	20	}
{	10764	2032	10764	20312032	20322031	20	}
{	10765	2032	10765	20332032	20322033	20	}
{	10766	2032	10766	60142032	20326014	20	}
{	10767	2032	10767	20312032	20326014	20	}
{	10768	2032	10768	60142032	20322031	20	}
{	10769	2034	10769	20332034	20342033	20	}
{	10770	2001	10770	20022001	20012002	20	}
{	10771	2001	10771	20022001	20014002	20	}
{	10772	2001	10772	40022001	20012002	20	}
{	10773	3001	10773	30023001	30013002	20	}
{	10774	3007	10774	30083007	30073008	20	}
{	10775	3010	10775	30093010	30103009	20	}
{	10776	3011	10776	30123011	30113012	20	}
{	10777	3011	10777	30103011	30111205	20	}
{	10778	3011	10778	12053011	30113010	20	}
{	10779	3015	10779	30143015	30151608	20	}
{	10780	3015	10780	16083015	30153014	20	}
{	10781	3015	10781	30163015	30151607	20	}
{	10782	3015	10782	16073015	30153016	20	}
{	10783	3019	10783	30203019	30193020	20	}
{	10784	3022	10784	30213022	30223021	20	}
{	10785	3023	10785	30243023	30233024	20	}
{	10786	3023	10786	30223023	30233022	20	}
{	10787	3024	10787	30253024	30243025	20	}
{	10788	3024	10788	30233024	30243023	20	}
{	10789	3025	10789	30263025	30253026	20	}
{	10790	3025	10790	30243025	30253036	20	}
{	10791	3025	10791	30363025	30253024	20	}
{	10792	3037	10792	30363037	30373036	20	}
{	10793	3028	10793	30273028	30283027	20	}
{	10794	3028	10794	40113028	30284011	20	}
{	10795	3025	10795	30243025	30253024	20	}
{	10796	4013	10796	40124013	40134012	20	}
{	10797	4001	10797	40024001	40014002	20	}
{	10798	4005	10798	40044005	40059024	20	}
{	10799	4005	10799	90244005	40054004	20	}
{	10800	9024	10800	40059024	90249025	20	}
{	10801	9024	10801	40059024	90249023	20	}
{	10802	9024	10802	40059024	90241623	20	}
{	10803	9024	10803	90259024	90244005	20	}
{	10804	9024	10804	90239024	90244005	20	}
{	10805	9024	10805	16239024	90244005	20	}
{	10806	6003	10806	60026003	60032014	20	}
{	10807	6003	10807	20146003	60036002	20	}
{	10808	6004	10808	11126004	60046005	20	}
{	10809	6004	10809	60056004	60041112	20	}
{	10810	6017	10810	60166017	60176016	20	}
{	10811	4600	10811	60124600	46006012	20	}
{	10812	4007	10812	40084007	40074008	20	}
{	10813	9003	10813	90049003	90039004	20	}
{	10814	9008	10814	90079008	90081015	20	}
{	10815	9008	10815	10159008	90089007	20	}
{	10816	1517	10816	90091517	15179011	20	}
{	10817	1501	10817	90111501	15019009	20	}
{	10818	9011	10818	15179011	90119012	20	}
{	10819	9011	10819	90109011	90111700	20	}
{	10820	9011	10820	17009011	90119032	20	}
{	10821	9011	10821	90129011	90111501	20	}
{	10822	9011	10822	17009011	90119012	20	}
{	10823	9011	10823	90129011	90111700	20	}
{	10824	9012	10824	90119012	90129011	20	}
{	10825	9012	10825	10199012	90121019	20	}
{	10826	9012	10826	90139012	90129013	20	}
{	10827	9012	10827	90119012	90121019	20	}
{	10828	9012	10828	10199012	90129011	20	}
{	10829	9012	10829	90139012	90121019	20	}
{	10830	9012	10830	10199012	90129013	20	}
{	10831	9016	10831	10269016	90161025	20	}
{	10832	9017	10832	90189017	90179018	20	}
{	10833	9016	10833	10269016	90161026	20	}
{	10834	9017	10834	11129017	90171112	20	}
{	10835	9017	10835	90189017	90171112	20	}
{	10836	9017	10836	11129017	90179018	20	}
{	10837	9020	10837	90199020	90209019	20	}
{	10838	9020	10838	90219020	90209021	20	}
{	10839	9028	10839	90279028	90289027	20	}
{	10840	1105	10840	11041105	11051634	20	}
{	10834	9017	10834	11129017	90171112	20	}
{	10842	9017	10842	90169017	90179016	20	}
{	10843	1101	10843	11021101	11011102	20	}
{	10844	1113	10844	10551113	11131023	20	}
{	10845	1201	10845	12021201	12011202	20	}
{	10846	1510	10846	15091510	15101908	20	}
{	10847	1510	10847	19081510	15101509	20	}
{	10848	1510	10848	15091510	15101509	20	}
{	10849	1510	10849	19081510	15101908	20	}
{	10850	1510	10850	15111510	15101511	20	}
{	10851	1513	10851	19071513	15131514	20	}
{	10852	1513	10852	15141513	15131907	20	}
{	10853	1513	10853	19071513	15131907	20	}
{	10854	1513	10854	15121513	15131512	20	}
{	10855	1514	10855	15131514	15141513	20	}
{	10856	1634	10856	11051634	16341601	20	}
{	10857	1634	10857	11051634	16341307	20	}
{	10858	1634	10858	16331634	16341307	20	}
{	10859	1307	10859	16341307	13071308	20	}
{	10860	1308	10860	13071308	13081603	20	}
{	10861	1307	10861	16341307	13071601	20	}
{	10862	1601	10862	13071601	16011602	20	}
{	10863	1602	10863	16011602	16021308	20	}
{	10864	1308	10864	16021308	13081603	20	}
{	10865	1603	10865	13081603	16031604	20	}
{	10866	1604	10866	16031604	16041633	20	}
{	10867	1608	10867	30151608	16083015	20	}
{	10868	1622	10868	16211622	16221304	20	}
{	10869	1304	10869	16221304	13041622	20	}
{	10870	1622	10870	13041622	16221621	20	}
{	10871	1304	10871	16221304	13041305	20	}
{	10872	1304	10872	13061304	13041622	20	}
{	10873	1601	10873	16341601	16011602	20	}
{	10874	1628	10874	16271628	16281627	20	}
{	10875	1705	10875	17041705	17051704	20	}
{	10876	1705	10876	17061705	17051706	20	}
{	10877	1040	10877	10391040	10401039	20	}
{	10878	1801	10878	18001801	18011802	20	}
{	10879	1802	10879	18011802	18021803	20	}
{	10880	1803	10880	18021803	18031804	20	}
{	10881	1804	10881	18031804	18041805	20	}
{	10882	1805	10882	18041805	18051806	20	}
{	10883	1806	10883	18051806	18061807	20	}
{	10884	1807	10884	18061807	18071808	20	}
{	10885	1808	10885	18071808	18081809	20	}
{	10886	1809	10886	18081809	18091810	20	}
{	10887	1810	10887	18091810	18101811	20	}
{	10888	1811	10888	18101811	18111812	20	}
{	10889	1812	10889	18111812	18121813	20	}
{	10890	1813	10890	18121813	18131814	20	}
{	10891	1814	10891	18131814	18141815	20	}
{	10892	1815	10892	18141815	18151816	20	}
{	10893	1816	10893	18151816	18161817	20	}
{	10894	1817	10894	18161817	18171818	20	}
{	10895	1818	10895	18171818	18181819	20	}
{	10896	1819	10896	18181819	18191820	20	}
{	10897	1820	10897	18191820	18201821	20	}
{	10898	1821	10898	18201821	18211822	20	}
{	10899	1822	10899	18211822	18221823	20	}
{	10900	1823	10900	18221823	18231824	20	}
{	10901	1824	10901	18231824	18241825	20	}
{	10902	1825	10902	18241825	18251826	20	}
{	10903	1826	10903	18251826	18261827	20	}
{	10904	1827	10904	18261827	18271828	20	}
{	10905	1828	10905	18271828	18281829	20	}
{	10906	1829	10906	18281829	18291830	20	}
{	10907	1830	10907	18291830	18301831	20	}
{	10908	1831	10908	18301831	18311832	20	}
{	10909	1831	10909	18331831	18311834	20	}
{	10910	1834	10910	18311834	18341830	20	}
{	10911	1830	10911	18341830	18301829	20	}
{	10912	1829	10912	18301829	18291828	20	}
{	10913	1828	10913	18291828	18281835	20	}
{	10914	1835	10914	18281835	18351826	20	}
{	10915	1826	10915	18351826	18261824	20	}
{	10916	1824	10916	18261824	18241825	20	}
{	10917	1825	10917	18241825	18251823	20	}
{	10918	1823	10918	18251823	18231822	20	}
{	10919	1822	10919	18231822	18221821	20	}
{	10920	1821	10920	18221821	18211820	20	}
{	10921	1820	10921	18211820	18201819	20	}
{	10922	1819	10922	18201819	18191818	20	}
{	10923	1818	10923	18191818	18181817	20	}
{	10924	1817	10924	18181817	18171816	20	}
{	10925	1816	10925	18171816	18161815	20	}
{	10926	1815	10926	18161815	18151814	20	}
{	10927	1814	10927	18151814	18141813	20	}
{	10928	1813	10928	18141813	18131812	20	}
{	10929	1812	10929	18131812	18121811	20	}
{	10930	1811	10930	18121811	18111810	20	}
{	10931	1810	10931	18111810	18101809	20	}
{	10932	1809	10932	18101809	18091808	20	}
{	10933	1808	10933	18091808	18081807	20	}
{	10934	1807	10934	18081807	18071806	20	}
{	10935	1806	10935	18071806	18061805	20	}
{	10936	1805	10936	18061805	18051804	20	}
{	10937	1804	10937	18051804	18041803	20	}
{	10938	1803	10938	18041803	18031802	20	}
{	10939	1802	10939	18031802	18021801	20	}
{	10940	1801	10940	18021801	18011836	20	}
{	10941	1824	10941	18231824	18241837	20	}
{	10942	1825	10942	18381825	18251823	20	}
{	10943	2101	10943	21002101	21012102	20	}
{	10944	2102	10944	21012102	21022103	20	}
{	10945	2103	10945	21022103	21032104	20	}
{	10946	2104	10946	21032104	21042105	20	}
{	10947	2105	10947	21042105	21052106	20	}
{	10948	2106	10948	21052106	21062107	20	}
{	10949	2107	10949	21062107	21072108	20	}
{	10950	2108	10950	21072108	21082109	20	}
{	10951	2109	10951	21082109	21092110	20	}
{	10952	2110	10952	21092110	21102111	20	}
{	10953	2111	10953	21102111	21112112	20	}
{	10954	2112	10954	21112112	21122113	20	}
{	10955	2113	10955	21122113	21132114	20	}
{	10956	2114	10956	21132114	21142115	20	}
{	10957	2115	10957	21142115	21152116	20	}
{	10958	2116	10958	21152116	21162117	20	}
{	10959	2117	10959	21162117	21172118	20	}
{	10960	2118	10960	21172118	21182119	20	}
{	10961	2119	10961	21182119	21192120	20	}
{	10962	2120	10962	21192120	21202121	20	}
{	10963	2121	10963	21202121	21212122	20	}
{	10964	2122	10964	21212122	21222123	20	}
{	10965	2123	10965	21222123	21232124	20	}
{	10966	2124	10966	21232124	21242125	20	}
{	10967	2125	10967	21242125	21252126	20	}
{	10968	2126	10968	21252126	21262127	20	}
{	10969	2127	10969	21262127	21272128	20	}
{	10970	2128	10970	21272128	21282129	20	}
{	10971	2129	10971	21282129	21292130	20	}
{	10972	2130	10972	21292130	21302131	20	}
{	10973	2131	10973	21302131	21312132	20	}
{	10974	2132	10974	21312132	21322133	20	}
{	10975	2133	10975	21322133	21332134	20	}
{	10976	2134	10976	21332134	21342135	20	}
{	10977	2135	10977	21342135	21352136	20	}
{	10978	2136	10978	21352136	21362137	20	}
{	10979	2137	10979	21362137	21372138	20	}
{	10980	2137	10980	21392137	21372136	20	}
{	10981	2136	10981	21372136	21362135	20	}
{	10982	2135	10982	21362135	21352134	20	}
{	10983	2134	10983	21352134	21342133	20	}
{	10984	2133	10984	21342133	21332132	20	}
{	10985	2132	10985	21332132	21322131	20	}
{	10986	2131	10986	21322131	21312130	20	}
{	10987	2130	10987	21312130	21302129	20	}
{	10988	2129	10988	21302129	21292128	20	}
{	10989	2128	10989	21292128	21282127	20	}
{	10990	2127	10990	21282127	21272126	20	}
{	10991	2126	10991	21272126	21262125	20	}
{	10992	2125	10992	21262125	21252124	20	}
{	10993	2124	10993	21252124	21242123	20	}
{	10994	2123	10994	21242123	21232122	20	}
{	10995	2122	10995	21232122	21222121	20	}
{	10996	2121	10996	21222121	21212120	20	}
{	10997	2120	10997	21212120	21202119	20	}
{	10998	2119	10998	21202119	21192118	20	}
{	10999	2118	10999	21192118	21182117	20	}
{	11000	2117	11000	21182117	21172116	20	}
{	11001	2116	11001	21172116	21162115	20	}
{	11002	2115	11002	21162115	21152114	20	}
{	11003	2114	11003	21152114	21142113	20	}
{	11004	2113	11004	21142113	21132112	20	}
{	11005	2112	11005	21132112	21122111	20	}
{	11006	2111	11006	21122111	21112110	20	}
{	11007	2110	11007	21112110	21102109	20	}
{	11008	2109	11008	21102109	21092108	20	}
{	11009	2108	11009	21092108	21082107	20	}
{	11010	2107	11010	21082107	21072106	20	}
{	11011	2106	11011	21072106	21062105	20	}
{	11012	2105	11012	21062105	21052104	20	}
{	11013	2104	11013	21052104	21042103	20	}
{	11014	2103	11014	21042103	21032102	20	}
{	11015	2102	11015	21032102	21022101	20	}
{	11016	2101	11016	21022101	21012140	20	}
{	11017	2201	11017	22002201	22012202	20	}
{	11018	2202	11018	22012202	22022203	20	}
{	11019	2203	11019	22022203	22032204	20	}
{	11020	2204	11020	22032204	22042205	20	}
{	11021	2205	11021	22042205	22052206	20	}
{	11022	2206	11022	22052206	22062207	20	}
{	11023	2207	11023	22062207	22072208	20	}
{	11024	2208	11024	22072208	22082209	20	}
{	11025	2209	11025	22082209	22092210	20	}
{	11026	2210	11026	22092210	22102102	20	}
{	11027	2102	11027	22102102	21022211	20	}
{	11028	2211	11028	21022211	22112212	20	}
{	11029	2212	11029	22112212	22122213	20	}
{	11030	2213	11030	22122213	22132214	20	}
{	11031	2214	11031	22132214	22142215	20	}
{	11032	2215	11032	22142215	22152216	20	}
{	11033	2216	11033	22152216	22162217	20	}
{	11034	2217	11034	22162217	22172218	20	}
{	11035	2218	11035	22172218	22182219	20	}
{	11036	2219	11036	22182219	22192220	20	}
{	11037	2220	11037	22192220	22202221	20	}
{	11038	2221	11038	22202221	22212222	20	}
{	11039	2222	11039	22212222	22222223	20	}
{	11040	2223	11040	22222223	22232224	20	}
{	11041	2224	11041	22232224	22242225	20	}
{	11042	2225	11042	22242225	22251823	20	}
{	11043	1823	11043	22251823	18231824	20	}
{	11044	1827	11044	18261827	18272226	20	}
{	11045	2226	11045	18272226	22262227	20	}
{	11046	2227	11046	22262227	22272228	20	}
{	11047	2228	11047	22272228	22282229	20	}
{	11048	2229	11048	22282229	22292230	20	}
{	11049	2230	11049	22292230	22302231	20	}
{	11050	2231	11050	22302231	22312232	20	}
{	11051	2232	11051	22312232	22322233	20	}
{	11052	2233	11052	22322233	22332234	20	}
{	11053	2233	11053	22352233	22332236	20	}
{	11054	2236	11054	22332236	22362231	20	}
{	11055	2231	11055	22362231	22312230	20	}
{	11056	2230	11056	22312230	22302229	20	}
{	11057	2229	11057	22302229	22292228	20	}
{	11058	2228	11058	22292228	22282227	20	}
{	11059	2227	11059	22282227	22272226	20	}
{	11060	2226	11060	22272226	22261835	20	}
{	11061	1835	11061	22261835	18351826	20	}
{	11062	1823	11062	18251823	18232225	20	}
{	11063	2225	11063	18232225	22252224	20	}
{	11064	2224	11064	22252224	22242223	20	}
{	11065	2223	11065	22242223	22232222	20	}
{	11066	2222	11066	22232222	22222221	20	}
{	11067	2221	11067	22222221	22212220	20	}
{	11068	2220	11068	22212220	22202218	20	}
{	11069	2218	11069	22202218	22182217	20	}
{	11070	2217	11070	22182217	22172216	20	}
{	11071	2216	11071	22172216	22162215	20	}
{	11072	2215	11072	22162215	22152214	20	}
{	11073	2214	11073	22152214	22142213	20	}
{	11074	2213	11074	22142213	22132212	20	}
{	11075	2212	11075	22132212	22122211	20	}
{	11076	2211	11076	22122211	22112102	20	}
{	11077	2102	11077	22112102	21022210	20	}
{	11078	2210	11078	21022210	22102209	20	}
{	11079	2209	11079	22102209	22092208	20	}
{	11080	2208	11080	22092208	22082207	20	}
{	11081	2207	11081	22082207	22072206	20	}
{	11082	2206	11082	22072206	22062205	20	}
{	11083	2205	11083	22062205	22052204	20	}
{	11084	2204	11084	22052204	22042203	20	}
{	11085	2203	11085	22042203	22032202	20	}
{	11086	2202	11086	22032202	22022201	20	}
{	11087	2201	11087	22022201	22012240	20	}
{	11088	2231	11088	22302231	22312237	20	}
{	11089	2237	11089	22312237	22372238	20	}
{	11090	2237	11090	22392237	22372231	20	}
{	11091	2231	11091	22372231	22312230	20	}
{	11092	1824	11092	18261824	18241837	20	}
{	11093	1825	11093	18381825	18251826	20	}
{	11629	2102	11629	21012102	21022211	20	}
{	11094	2213	11094	22122213	22132300	20	}
{	11095	2300	11095	22132300	23002301	20	}
{	11096	2301	11096	23002301	23012302	20	}
{	11097	2302	11097	23012302	23022303	20	}
{	11098	2303	11098	23022303	23032304	20	}
{	11099	2304	11099	23032304	23042305	20	}
{	11100	2305	11100	23042305	23052306	20	}
{	11101	2306	11101	23052306	23062307	20	}
{	11102	2307	11102	23062307	23072308	20	}
{	11103	2308	11103	23072308	23082309	20	}
{	11104	2309	11104	23082309	23092310	20	}
{	11105	2310	11105	23092310	23102311	20	}
{	11106	2311	11106	23102311	23112312	20	}
{	11107	2312	11107	23112312	23122313	20	}
{	11108	2313	11108	23122313	23132314	20	}
{	11109	2314	11109	23132314	23142315	20	}
{	11110	2315	11110	23142315	23152316	20	}
{	11111	2316	11111	23152316	23162317	20	}
{	11112	2317	11112	23162317	23172318	20	}
{	11113	2318	11113	23172318	23182319	20	}
{	11114	2319	11114	23182319	23192320	20	}
{	11115	2320	11115	23192320	23202321	20	}
{	11116	2321	11116	23202321	23212322	20	}
{	11117	2322	11117	23212322	23222323	20	}
{	11118	2323	11118	23222323	23232324	20	}
{	11119	2324	11119	23232324	23242325	20	}
{	11120	2325	11120	23242325	23251810	20	}
{	11121	1810	11121	23251810	18101809	20	}
{	11122	1809	11122	18101809	18092326	20	}
{	11123	2326	11123	18092326	23262327	20	}
{	11124	2327	11124	23262327	23272328	20	}
{	11125	2328	11125	23272328	23282329	20	}
{	11126	2329	11126	23282329	23292330	20	}
{	11127	2330	11127	23292330	23302331	20	}
{	11128	2331	11128	23302331	23312332	20	}
{	11129	2332	11129	23312332	23322333	20	}
{	11130	2333	11130	23322333	23332334	20	}
{	11131	2334	11131	23332334	23342335	20	}
{	11132	2335	11132	23342335	23352129	20	}
{	11133	2129	11133	23352129	21292128	20	}
{	11134	2127	11134	21282127	21272336	20	}
{	11135	2336	11135	21272336	23362337	20	}
{	11136	2337	11136	23362337	23372338	20	}
{	11137	2338	11137	23372338	23382121	20	}
{	11138	2121	11138	23382121	21212339	20	}
{	11139	2339	11139	21212339	23392340	20	}
{	11140	2340	11140	23392340	23402341	20	}
{	11141	2341	11141	23402341	23412342	20	}
{	11142	2342	11142	23412342	23422343	20	}
{	11143	2343	11143	23422343	23432344	20	}
{	11144	2344	11144	23432344	23442345	20	}
{	11145	2345	11145	23442345	23452346	20	}
{	11146	2346	11146	23452346	23462347	20	}
{	11147	2346	11147	23482346	23462345	20	}
{	11148	2345	11148	23462345	23452344	20	}
{	11149	2344	11149	23452344	23442343	20	}
{	11150	2343	11150	23442343	23432342	20	}
{	11151	2342	11151	23432342	23422341	20	}
{	11152	2341	11152	23422341	23412340	20	}
{	11153	2340	11153	23412340	23402339	20	}
{	11154	2339	11154	23402339	23392121	20	}
{	11155	2121	11155	23392121	21212338	20	}
{	11156	2338	11156	21212338	23382337	20	}
{	11157	2337	11157	23382337	23372336	20	}
{	11158	2336	11158	23372336	23362127	20	}
{	11159	2127	11159	23362127	21272128	20	}
{	11160	2129	11160	21282129	21292335	20	}
{	11161	2335	11161	21292335	23352334	20	}
{	11162	2334	11162	23352334	23342333	20	}
{	11163	2333	11163	23342333	23332332	20	}
{	11164	2332	11164	23332332	23322331	20	}
{	11165	2331	11165	23322331	23312330	20	}
{	11166	2330	11166	23312330	23302329	20	}
{	11167	2329	11167	23302329	23292328	20	}
{	11168	2328	11168	23292328	23282327	20	}
{	11169	2327	11169	23282327	23272326	20	}
{	11170	2326	11170	23272326	23261809	20	}
{	11171	1809	11171	23261809	18091810	20	}
{	11172	1810	11172	18091810	18102325	20	}
{	11173	2325	11173	18102325	23252324	20	}
{	11174	2324	11174	23252324	23242323	20	}
{	11175	2323	11175	23242323	23232322	20	}
{	11176	2322	11176	23232322	23222321	20	}
{	11177	2321	11177	23222321	23212320	20	}
{	11178	2320	11178	23212320	23202349	20	}
{	11179	2349	11179	23202349	23492350	20	}
{	11180	2350	11180	23492350	23502317	20	}
{	11181	2317	11181	23502317	23172316	20	}
{	11182	2316	11182	23172316	23162315	20	}
{	11183	2315	11183	23162315	23152314	20	}
{	11184	2314	11184	23152314	23142313	20	}
{	11185	2313	11185	23142313	23132312	20	}
{	11186	2312	11186	23132312	23122311	20	}
{	11187	2311	11187	23122311	23112310	20	}
{	11188	2310	11188	23112310	23102309	20	}
{	11189	2309	11189	23102309	23092308	20	}
{	11190	2308	11190	23092308	23082307	20	}
{	11191	2307	11191	23082307	23072306	20	}
{	11192	2306	11192	23072306	23062305	20	}
{	11193	2305	11193	23062305	23052304	20	}
{	11194	2304	11194	23052304	23042303	20	}
{	11195	2303	11195	23042303	23032302	20	}
{	11196	2302	11196	23032302	23022301	20	}
{	11197	2301	11197	23022301	23012300	20	}
{	11198	2300	11198	23012300	23002213	20	}
{	11199	2213	11199	23002213	22132212	20	}
{	11630	2102	11630	22112102	21022101	20	}
{	11200	2343	11200	23442343	23432400	20	}
{	11201	2400	11201	23432400	24002401	20	}
{	11202	2401	11202	24002401	24012402	20	}
{	11203	2402	11203	24012402	24022403	20	}
{	11204	2403	11204	24022403	24032404	20	}
{	11205	2404	11205	24032404	24042405	20	}
{	11206	2405	11206	24042405	24052406	20	}
{	11207	2406	11207	24052406	24062407	20	}
{	11208	2407	11208	24062407	24072408	20	}
{	11209	2408	11209	24072408	24082409	20	}
{	11210	2409	11210	24082409	24092112	20	}
{	11211	2112	11211	24092112	21122410	20	}
{	11212	2410	11212	21122410	24102411	20	}
{	11213	2411	11213	24102411	24112412	20	}
{	11214	2412	11214	24112412	24122413	20	}
{	11215	2413	11215	24122413	24132414	20	}
{	11216	2414	11216	24132414	24142222	20	}
{	11217	2222	11217	24142222	22222223	20	}
{	11218	1825	11218	18241825	18252415	20	}
{	11219	2415	11219	18252415	24152416	20	}
{	11220	2416	11220	24152416	24162417	20	}
{	11221	2417	11221	24162417	24172418	20	}
{	11222	2418	11222	24172418	24182419	20	}
{	11223	2419	11223	24182419	24192420	20	}
{	11224	2420	11224	24192420	24202421	20	}
{	11225	2421	11225	24202421	24212422	20	}
{	11226	2422	11226	24212422	24222423	20	}
{	11227	2423	11227	24222423	24232424	20	}
{	11228	2424	11228	24232424	24242425	20	}
{	11229	2425	11229	24242425	24252426	20	}
{	11230	2426	11230	24252426	24262427	20	}
{	11231	2426	11231	24282426	24262425	20	}
{	11232	2425	11232	24262425	24252424	20	}
{	11233	2424	11233	24252424	24242423	20	}
{	11234	2423	11234	24242423	24232422	20	}
{	11235	2422	11235	24232422	24222421	20	}
{	11236	2421	11236	24222421	24212420	20	}
{	11237	2420	11237	24212420	24202419	20	}
{	11238	2419	11238	24202419	24192418	20	}
{	11239	2418	11239	24192418	24182417	20	}
{	11240	2417	11240	24182417	24172416	20	}
{	11241	2416	11241	24172416	24162415	20	}
{	11242	2415	11242	24162415	24151824	20	}
{	11243	1824	11243	24151824	18241825	20	}
{	11244	2223	11244	22242223	22232414	20	}
{	11245	2414	11245	22232414	24142429	20	}
{	11246	2429	11246	24142429	24292413	20	}
{	11247	2413	11247	24292413	24132412	20	}
{	11248	2412	11248	24132412	24122411	20	}
{	11249	2411	11249	24122411	24112410	20	}
{	11250	2410	11250	24112410	24102112	20	}
{	11251	2112	11251	24102112	21122408	20	}
{	11252	2408	11252	21122408	24082407	20	}
{	11253	2407	11253	24082407	24072406	20	}
{	11254	2406	11254	24072406	24062405	20	}
{	11255	2405	11255	24062405	24052404	20	}
{	11256	2404	11256	24052404	24042403	20	}
{	11257	2403	11257	24042403	24032402	20	}
{	11258	2402	11258	24032402	24022401	20	}
{	11259	2401	11259	24022401	24012400	20	}
{	11260	2400	11260	24012400	24002343	20	}
{	11261	2343	11261	24002343	23432344	20	}
{	11262	2137	11262	21392137	21372500	20	}
{	11263	2500	11263	21372500	25002501	20	}
{	11264	2501	11264	25002501	25012502	20	}
{	11265	2502	11265	25012502	25022503	20	}
{	11266	2503	11266	25022503	25032504	20	}
{	11267	2504	11267	25032504	25042131	20	}
{	11268	2131	11268	25042131	21312130	20	}
{	11269	2129	11269	21302129	21292505	20	}
{	11270	2505	11270	21292505	25052506	20	}
{	11271	2506	11271	25052506	25062507	20	}
{	11272	2507	11272	25062507	25072508	20	}
{	11273	2508	11273	25072508	25082509	20	}
{	11274	2509	11274	25082509	25092510	20	}
{	11275	2510	11275	25092510	25102511	20	}
{	11276	2511	11276	25102511	25112512	20	}
{	11277	2512	11277	25112512	25122513	20	}
{	11278	2513	11278	25122513	25132514	20	}
{	11279	2514	11279	25132514	25142515	20	}
{	11280	2514	11280	25162514	25142513	20	}
{	11281	2513	11281	25142513	25132512	20	}
{	11282	2512	11282	25132512	25122511	20	}
{	11283	2511	11283	25122511	25112510	20	}
{	11284	2510	11284	25112510	25102509	20	}
{	11285	2509	11285	25102509	25092508	20	}
{	11286	2508	11286	25092508	25082507	20	}
{	11287	2507	11287	25082507	25072506	20	}
{	11288	2506	11288	25072506	25062505	20	}
{	11289	2505	11289	25062505	25052129	20	}
{	11290	2129	11290	25052129	21292130	20	}
{	11291	2131	11291	21302131	21312504	20	}
{	11292	2504	11292	21312504	25042503	20	}
{	11293	2503	11293	25042503	25032502	20	}
{	11294	2502	11294	25032502	25022501	20	}
{	11295	2501	11295	25022501	25012500	20	}
{	11296	2500	11296	25012500	25002137	20	}
{	11297	2137	11297	25002137	21372138	20	}
{	11298	2344	11298	23452344	23442600	20	}
{	11299	2600	11299	23442600	26002601	20	}
{	11300	2601	11300	26002601	26012602	20	}
{	11301	2602	11301	26012602	26022603	20	}
{	11302	2603	11302	26022603	26032604	20	}
{	11303	2604	11303	26032604	26042605	20	}
{	11304	2605	11304	26042605	26052124	20	}
{	11305	2124	11305	26052124	21242125	20	}
{	11306	2127	11306	21262127	21272506	20	}
{	11307	2506	11307	21272506	25062507	20	}
{	11308	2509	11308	25082509	25092606	20	}
{	11309	2606	11309	25092606	26062607	20	}
{	11310	2607	11310	26062607	26072608	20	}
{	11311	2608	11311	26072608	26082609	20	}
{	11312	2609	11312	26082609	26092610	20	}
{	11313	2610	11313	26092610	26101818	20	}
{	11314	2610	11314	26092610	26102611	20	}
{	11315	2611	11315	26102611	26111821	20	}
{	11316	1818	11316	26101818	18181819	20	}
{	11317	1821	11317	18201821	18212611	20	}
{	11318	2611	11318	18212611	26112612	20	}
{	11319	2612	11319	26112612	26122613	20	}
{	11320	2613	11320	26122613	26132614	20	}
{	11321	2614	11321	26132614	26142615	20	}
{	11322	2615	11322	26142615	26152616	20	}
{	11323	2616	11323	26152616	26162315	20	}
{	11324	2315	11324	26162315	23152617	20	}
{	11325	2315	11325	26182315	23152616	20	}
{	11326	2616	11326	23152616	26162615	20	}
{	11327	2615	11327	26162615	26152614	20	}
{	11328	2614	11328	26152614	26142613	20	}
{	11329	2613	11329	26142613	26132612	20	}
{	11330	2612	11330	26132612	26122611	20	}
{	11331	2611	11331	26122611	26111821	20	}
{	11332	1821	11332	26111821	18211820	20	}
{	11333	1818	11333	18191818	18182610	20	}
{	11334	2610	11334	18182610	26102609	20	}
{	11335	2609	11335	26102609	26092608	20	}
{	11336	2608	11336	26092608	26082607	20	}
{	11337	2607	11337	26082607	26072606	20	}
{	11338	2606	11338	26072606	26062509	20	}
{	11339	2509	11339	26062509	25092508	20	}
{	11340	2506	11340	25072506	25062127	20	}
{	11341	2127	11341	25062127	21272126	20	}
{	11342	2124	11342	21252124	21242605	20	}
{	11343	2605	11343	21242605	26052604	20	}
{	11344	2604	11344	26052604	26042603	20	}
{	11345	2603	11345	26042603	26032602	20	}
{	11346	2602	11346	26032602	26022601	20	}
{	11347	2601	11347	26022601	26012600	20	}
{	11348	2600	11348	26012600	26002344	20	}
{	11349	2344	11349	26002344	23442345	20	}
{	11350	2127	11350	26202127	21272506	20	}
{	11351	2127	11351	21282127	21272619	20	}
{	11352	1821	11352	26221821	18211820	20	}
{	11353	1821	11353	26111821	18212621	20	}
{	11354	1825	11354	18381825	18252800	20	}
{	11355	2800	11355	18252800	28002801	20	}
{	11356	2801	11356	28002801	28012612	20	}
{	11357	2612	11357	28012612	26122613	20	}
{	11631	2315	11631	26162315	23152314	20	}
{	11358	2308	11358	23092308	23082802	20	}
{	11359	2802	11359	23082802	28022803	20	}
{	11360	2803	11360	28022803	28031824	20	}
{	11361	1824	11361	28031824	18241837	20	}
{	11362	1825	11362	18381825	18252803	20	}
{	11363	2803	11363	18252803	28032802	20	}
{	11364	2802	11364	28032802	28022308	20	}
{	11365	2308	11365	28022308	23082309	20	}
{	11366	2612	11366	26132612	26122801	20	}
{	11367	2801	11367	26122801	28012800	20	}
{	11368	2800	11368	28012800	28001824	20	}
{	11369	1824	11369	28001824	18241837	20	}
{	11413	7001	11413	70007001	70013019	20	}
{	11414	7002	11414	70007002	70023019	20	}
{	11415	3019	11415	70013019	30193020	20	}
{	11416	3019	11416	70023019	30193020	20	}
{	11417	3019	11417	30203019	30197001	20	}
{	11418	3019	11418	30203019	30197002	20	}
{	11419	7001	11419	30197001	70017003	20	}
{	11420	7002	11420	30197002	70027003	20	}
{	11421	3023	11421	30223023	30237102	20	}
{	11422	7102	11422	30237102	71027103	20	}
{	11423	7101	11423	71007101	71013023	20	}
{	11424	3023	11424	71013023	30233022	20	}
{	11425	8006	11425	80008006	80068104	20	}
{	11426	8007	11426	80008007	80078104	20	}
{	11427	8008	11427	80008008	80088104	20	}
{	11428	8009	11428	80008009	80098104	20	}
{	11429	8010	11429	80008010	80108104	20	}
{	11430	8006	11430	81038006	80068013	20	}
{	11431	8007	11431	81038007	80078013	20	}
{	11432	8008	11432	81038008	80088013	20	}
{	11433	8009	11433	81038009	80098013	20	}
{	11434	8010	11434	81038010	80108013	20	}
{	11435	8104	11435	80068104	81048204	20	}
{	11436	8104	11436	80078104	81048204	20	}
{	11437	8104	11437	80088104	81048204	20	}
{	11438	8104	11438	80098104	81048204	20	}
{	11439	8104	11439	80108104	81048204	20	}
{	11440	8104	11440	80068104	81048203	20	}
{	11441	8104	11441	80078104	81048203	20	}
{	11442	8104	11442	80088104	81048203	20	}
{	11443	8104	11443	80098104	81048203	20	}
{	11444	8104	11444	80108104	81048203	20	}
{	11445	8106	11445	91068106	81068203	20	}
{	11446	8105	11446	82028105	81059104	20	}
{	11447	8103	11447	82018103	81038006	20	}
{	11448	8103	11448	82018103	81038007	20	}
{	11449	8103	11449	82018103	81038008	20	}
{	11450	8103	11450	82018103	81038009	20	}
{	11451	8103	11451	82018103	81038010	20	}
{	11452	8103	11452	82028103	81038006	20	}
{	11453	8103	11453	82028103	81038007	20	}
{	11454	8103	11454	82028103	81038008	20	}
{	11455	8103	11455	82028103	81038009	20	}
{	11456	8103	11456	82028103	81038010	20	}
{	11457	8204	11457	81048204	82048304	20	}
{	11458	8203	11458	81048203	82038303	20	}
{	11459	8203	11459	81068203	82038303	20	}
{	11460	8201	11460	83018201	82018103	20	}
{	11461	8202	11461	83028202	82028103	20	}
{	11462	8202	11462	83028202	82028105	20	}
{	11463	8303	11463	82038303	83038403	20	}
{	11464	8304	11464	82048304	83048404	20	}
{	11465	8301	11465	84018301	83018201	20	}
{	11466	8302	11466	84028302	83028202	20	}
{	11467	8403	11467	83038403	84038524	20	}
{	11468	8403	11468	83038403	84038525	20	}
{	11469	8404	11469	83048404	84048514	20	}
{	11470	8404	11470	83048404	84048524	20	}
{	11471	8402	11471	85298402	84028302	20	}
{	11472	8401	11472	85188401	84018301	20	}
{	11473	8402	11473	85288402	84028302	20	}
{	11474	8401	11474	85298401	84018301	20	}
{	11475	8514	11475	84048514	85148502	20	}
{	11476	8514	11476	84048514	85148503	20	}
{	11477	8524	11477	84048524	85248502	20	}
{	11478	8524	11478	84048524	85248503	20	}
{	11479	8524	11479	84038524	85248502	20	}
{	11480	8524	11480	84038524	85248503	20	}
{	11481	8525	11481	84038525	85258502	20	}
{	11482	8525	11482	84038525	85258503	20	}
{	11483	8518	11483	85008518	85188401	20	}
{	11484	8518	11484	85018518	85188401	20	}
{	11485	8528	11485	85008528	85288402	20	}
{	11486	8528	11486	85018528	85288402	20	}
{	11487	8529	11487	85008529	85298402	20	}
{	11488	8529	11488	85018529	85298402	20	}
{	11489	8529	11489	85008529	85298401	20	}
{	11490	8529	11490	85018529	85298401	20	}
{	11491	8001	11491	80008001	80018602	20	}
{	11492	8002	11492	80008002	80028602	20	}
{	11493	8003	11493	80008003	80038602	20	}
{	11494	8004	11494	80008004	80048602	20	}
{	11495	8005	11495	80008005	80058602	20	}
{	11496	8006	11496	80008006	80068602	20	}
{	11497	8007	11497	80008007	80078602	20	}
{	11498	8001	11498	86018001	80018013	20	}
{	11499	8002	11499	86018002	80028013	20	}
{	11500	8003	11500	86018003	80038013	20	}
{	11501	8004	11501	86018004	80048013	20	}
{	11502	8005	11502	86018005	80058013	20	}
{	11503	8006	11503	86018006	80068013	20	}
{	11504	8007	11504	86018007	80078013	20	}
{	11505	8602	11505	80018602	86028703	20	}
{	11506	8602	11506	80028602	86028703	20	}
{	11507	8602	11507	80038602	86028703	20	}
{	11508	8602	11508	80048602	86028703	20	}
{	11509	8602	11509	80058602	86028703	20	}
{	11510	8602	11510	80068602	86028703	20	}
{	11511	8602	11511	80078602	86028703	20	}
{	11512	8602	11512	80018602	86028704	20	}
{	11513	8602	11513	80028602	86028704	20	}
{	11514	8602	11514	80038602	86028704	20	}
{	11515	8602	11515	80048602	86028704	20	}
{	11516	8602	11516	80058602	86028704	20	}
{	11517	8602	11517	80068602	86028704	20	}
{	11518	8602	11518	80078602	86028704	20	}
{	11519	8601	11519	87018601	86018001	20	}
{	11520	8601	11520	87018601	86018002	20	}
{	11521	8601	11521	87018601	86018003	20	}
{	11522	8601	11522	87018601	86018004	20	}
{	11523	8601	11523	87018601	86018005	20	}
{	11524	8601	11524	87018601	86018006	20	}
{	11525	8601	11525	87018601	86018007	20	}
{	11526	8601	11526	87028601	86018001	20	}
{	11527	8601	11527	87028601	86018002	20	}
{	11528	8601	11528	87028601	86018003	20	}
{	11529	8601	11529	87028601	86018004	20	}
{	11530	8601	11530	87028601	86018005	20	}
{	11531	8601	11531	87028601	86018006	20	}
{	11532	8601	11532	87028601	86018007	20	}
{	11533	8703	11533	86028703	87038803	20	}
{	11534	8704	11534	86028704	87048804	20	}
{	11535	8701	11535	88018701	87018601	20	}
{	11536	8702	11536	88028702	87028601	20	}
{	11537	8803	11537	87038803	88038903	20	}
{	11538	8804	11538	87048804	88048904	20	}
{	11539	8801	11539	89018801	88018701	20	}
{	11540	8802	11540	89028802	88028702	20	}
{	11541	8903	11541	88038903	89039605	20	}
{	11542	8904	11542	88048904	89049605	20	}
{	11543	8901	11543	96108901	89018801	20	}
{	11544	8902	11544	96108902	89028802	20	}
{	11545	9605	11545	89039605	96059612	20	}
{	11546	9605	11546	89049605	96059612	20	}
{	11547	9610	11547	96009610	96108901	20	}
{	11548	9610	11548	96009610	96108902	20	}
{	11549	8001	11549	80008001	80019103	20	}
{	11550	8002	11550	80008002	80029103	20	}
{	11551	8003	11551	80008003	80039103	20	}
{	11552	8004	11552	80008004	80049103	20	}
{	11553	8005	11553	80008005	80059103	20	}
{	11554	8006	11554	80008006	80069103	20	}
{	11555	8007	11555	80008007	80079103	20	}
{	11556	8001	11556	91058001	80018013	20	}
{	11557	8002	11557	91058002	80028013	20	}
{	11558	8003	11558	91058003	80038013	20	}
{	11559	8004	11559	91058004	80048013	20	}
{	11560	8005	11560	91058005	80058013	20	}
{	11561	8006	11561	91058006	80068013	20	}
{	11562	8007	11562	91058007	80078013	20	}
{	11563	8001	11563	80008001	80019104	20	}
{	11564	8002	11564	80008002	80029104	20	}
{	11565	8003	11565	80008003	80039104	20	}
{	11566	8004	11566	80008004	80049104	20	}
{	11567	8005	11567	80008005	80059104	20	}
{	11568	8006	11568	80008006	80069104	20	}
{	11569	8007	11569	80008007	80079104	20	}
{	11570	8001	11570	91068001	80018013	20	}
{	11571	8002	11571	91068002	80028013	20	}
{	11572	8003	11572	91068003	80038013	20	}
{	11573	8004	11573	91068004	80048013	20	}
{	11574	8005	11574	91068005	80058013	20	}
{	11575	8006	11575	91068006	80068013	20	}
{	11576	8007	11576	91068007	80078013	20	}
{	11577	9103	11577	80019103	91039201	20	}
{	11578	9103	11578	80029103	91039201	20	}
{	11579	9103	11579	80039103	91039201	20	}
{	11580	9103	11580	80049103	91039201	20	}
{	11581	9103	11581	80059103	91039201	20	}
{	11582	9103	11582	80069103	91039201	20	}
{	11583	9103	11583	80079103	91039201	20	}
{	11584	9104	11584	80019104	91049202	20	}
{	11585	9104	11585	80029104	91049202	20	}
{	11586	9104	11586	80039104	91049202	20	}
{	11587	9104	11587	80049104	91049202	20	}
{	11588	9104	11588	80059104	91049202	20	}
{	11589	9104	11589	80069104	91049202	20	}
{	11590	9104	11590	80079104	91049202	20	}
{	11591	9104	11591	81059104	91049202	20	}
{	11592	9106	11592	92049106	91068106	20	}
{	11593	9106	11593	92049106	91068001	20	}
{	11594	9106	11594	92049106	91068002	20	}
{	11595	9106	11595	92049106	91068003	20	}
{	11596	9106	11596	92049106	91068004	20	}
{	11597	9106	11597	92049106	91068005	20	}
{	11598	9106	11598	92049106	91068006	20	}
{	11599	9106	11599	92049106	91068007	20	}
{	11600	9105	11600	92039105	91058001	20	}
{	11601	9105	11601	92039105	91058002	20	}
{	11602	9105	11602	92039105	91058003	20	}
{	11603	9105	11603	92039105	91058004	20	}
{	11604	9105	11604	92039105	91058005	20	}
{	11605	9105	11605	92039105	91058006	20	}
{	11606	9105	11606	92039105	91058007	20	}
{	11607	9201	11607	91039201	92019301	20	}
{	11608	9202	11608	91049202	92029302	20	}
{	11609	9203	11609	93039203	92039105	20	}
{	11610	9204	11610	93049204	92049106	20	}
{	11611	9301	11611	92019301	93019402	20	}
{	11612	9302	11612	92029302	93029402	20	}
{	11613	9303	11613	94019303	93039203	20	}
{	11614	9304	11614	94019304	93049204	20	}
{	11615	9402	11615	93019402	94029502	20	}
{	11616	9402	11616	93029402	94029502	20	}
{	11617	9401	11617	95019401	94019303	20	}
{	11618	9401	11618	95019401	94019304	20	}
{	11619	9502	11619	94029502	95029504	20	}
{	11620	9501	11620	95009501	95019401	20	}
{	11633	8106	11633	91068106	81068107	20	}
{	11634	9104	11634	91009104	91049202	20	}

giveways:	0
	